{
 "cells": [
  {
   "cell_type": "code",
   "execution_count": 1,
   "metadata": {},
   "outputs": [],
   "source": [
    "#Functions\n",
    "#Extracts Features\n",
    "def extractFeatures(data, features):\n",
    "    extracted_df = pd.DataFrame()\n",
    "    for string in features:\n",
    "        extracted_df[string] = data[string]\n",
    "    return extracted_df\n",
    "\n",
    "#PCA of Data <!> NOT USED\n",
    "def pca(data, colors):\n",
    "    pca = PCA(n_components = 2)\n",
    "    pcs = pca.fit_transform(data)\n",
    "    pc_df = pd.DataFrame(pcs, columns = [\"PC1\", \"PC2\"])\n",
    "    fig = plt.scatter(pc_df[\"PC1\"], pc_df[\"PC2\"], s = 3, c = colors)\n",
    "    return fig\n",
    "\n",
    "#Returns a star rating depending on each listing's total review score\n",
    "def getStarRating(value):\n",
    "    star = math.floor(value/20)\n",
    "    return star\n",
    "\n",
    "#Prep the cleaned data for the KNN Algorithm (Label Encoding, Standardizing Features, turning all values into numerical)\n",
    "def prepData(data):\n",
    "    #Creating prepped data datafram\n",
    "    prepped = data.copy()\n",
    "    #Creating label encoding and standard scalar\n",
    "    le = pp.LabelEncoder()\n",
    "    sc = pp.StandardScaler()\n",
    "    for x in categorical_features:\n",
    "        prepped[x] = le.fit_transform(data[x])\n",
    "    #Changing percentages and dollar values to floating points\n",
    "    for x in string_features:\n",
    "        prepped[x] = prepped[x].map(lambda x: x.lstrip('$').rstrip('%'))\n",
    "    #Changing amenities to the amount of amenities a listing may have\n",
    "    prepped['amenities'] = prepped['amenities'].map(lambda x: len(x.split(',')))\n",
    "    #Changing bathrooms to amount of bathrooms a listing has\n",
    "    prepped['bathrooms_text'] = prepped['bathrooms_text'].map(lambda x: re.findall(\"\\d+\\.\\d+|\\d+\", x+'1')[0])\n",
    "    #Standardizing features\n",
    "    prepped['price'] = prepped['price'].map(lambda x: float(x.replace(\",\",\"\"))) #Converts price to a float\n",
    "    for x in standardize_features:\n",
    "        data = prepped[x].values.reshape(-1,1)\n",
    "        prepped[x] = sc.fit_transform(data)\n",
    "    return prepped"
   ]
  },
  {
   "cell_type": "code",
   "execution_count": 2,
   "metadata": {},
   "outputs": [],
   "source": [
    "#Imports\n",
    "import re\n",
    "import math\n",
    "import pandas as pd\n",
    "import matplotlib.pyplot as plt\n",
    "import sklearn.preprocessing as pp\n",
    "from sklearn.decomposition import PCA\n",
    "from sklearn.model_selection import cross_validate\n",
    "from sklearn.model_selection import train_test_split\n",
    "from sklearn.neighbors import KNeighborsClassifier as KNN"
   ]
  },
  {
   "cell_type": "code",
   "execution_count": 3,
   "metadata": {},
   "outputs": [],
   "source": [
    "#Creating a list of categorical data to be encoded\n",
    "categorical_features = ['host_response_time', 'host_is_superhost','property_type','room_type']\n",
    "\n",
    "#Creating a list of features that are strings but need to change to a numerical type\n",
    "string_features = ['host_response_rate','host_acceptance_rate','price']\n",
    "\n",
    "#Features to Standardize\n",
    "standardize_features = ['host_response_rate','host_acceptance_rate','price', 'beds', 'amenities', 'number_of_reviews']"
   ]
  },
  {
   "cell_type": "markdown",
   "metadata": {},
   "source": [
    "# DATA EXPLORATION"
   ]
  },
  {
   "cell_type": "code",
   "execution_count": 4,
   "metadata": {},
   "outputs": [],
   "source": [
    "#Reading the prepped data\n",
    "amst_prepped = pd.read_csv(\"Amsterdam_Prepped.csv\")\n",
    "la_prepped = pd.read_csv(\"LosAngeles_Prepped.csv\")\n",
    "mel_prepped = pd.read_csv(\"Melbourne_Prepped.csv\")"
   ]
  },
  {
   "cell_type": "code",
   "execution_count": 5,
   "metadata": {},
   "outputs": [],
   "source": [
    "#Dropping \"Unnamed: 0\" Column (Not sure why its there)\n",
    "amst_prepped = amst_prepped.drop(amst_prepped.columns[0], axis = 1)\n",
    "la_prepped = la_prepped.drop(la_prepped.columns[0], axis = 1)\n",
    "mel_prepped = mel_prepped.drop(mel_prepped.columns[0], axis = 1)"
   ]
  },
  {
   "cell_type": "code",
   "execution_count": 6,
   "metadata": {},
   "outputs": [],
   "source": [
    "#Converting review_scores_rating to star ratings\n",
    "amst_star_ratings = amst_prepped[\"review_scores_rating\"].map(lambda x: getStarRating(x))\n",
    "la_star_ratings = la_prepped[\"review_scores_rating\"].map(lambda x: getStarRating(x))\n",
    "mel_star_ratings = mel_prepped[\"review_scores_rating\"].map(lambda x: getStarRating(x))"
   ]
  },
  {
   "cell_type": "code",
   "execution_count": 7,
   "metadata": {},
   "outputs": [],
   "source": [
    "numerical_features = ['host_is_superhost','host_response_rate','host_acceptance_rate','price', 'beds', 'amenities', 'number_of_reviews','review_scores_rating']\n",
    "amst_numerical = extractFeatures(amst_prepped, numerical_features)\n",
    "la_numerical = extractFeatures(la_prepped, numerical_features)\n",
    "mel_numerical = extractFeatures(mel_prepped, numerical_features)"
   ]
  },
  {
   "cell_type": "code",
   "execution_count": 25,
   "metadata": {},
   "outputs": [
    {
     "name": "stdout",
     "output_type": "stream",
     "text": [
      "                      host_is_superhost  host_response_rate  \\\n",
      "host_is_superhost              0.128403            0.008238   \n",
      "host_response_rate             0.008238            1.000053   \n",
      "host_acceptance_rate           0.019600            0.192775   \n",
      "price                          0.015544           -0.006605   \n",
      "beds                          -0.001765           -0.026930   \n",
      "amenities                      0.086256            0.007919   \n",
      "number_of_reviews              0.134896           -0.020916   \n",
      "review_scores_rating           0.235594            0.251894   \n",
      "\n",
      "                      host_acceptance_rate     price      beds  amenities  \\\n",
      "host_is_superhost                 0.019600  0.015544 -0.001765   0.086256   \n",
      "host_response_rate                0.192775 -0.006605 -0.026930   0.007919   \n",
      "host_acceptance_rate              1.000053 -0.000779 -0.035556  -0.081911   \n",
      "price                            -0.000779  1.000053  0.083834   0.026726   \n",
      "beds                             -0.035556  0.083834  1.000053   0.149204   \n",
      "amenities                        -0.081911  0.026726  0.149204   1.000053   \n",
      "number_of_reviews                 0.045946 -0.027667 -0.027631   0.168604   \n",
      "review_scores_rating             -0.366756  0.065225 -0.087847   0.761111   \n",
      "\n",
      "                      number_of_reviews  review_scores_rating  \n",
      "host_is_superhost              0.134896              0.235594  \n",
      "host_response_rate            -0.020916              0.251894  \n",
      "host_acceptance_rate           0.045946             -0.366756  \n",
      "price                         -0.027667              0.065225  \n",
      "beds                          -0.027631             -0.087847  \n",
      "amenities                      0.168604              0.761111  \n",
      "number_of_reviews              1.000053             -0.211211  \n",
      "review_scores_rating          -0.211211             43.673028  \n"
     ]
    }
   ],
   "source": [
    "#Covariance Matrix of Amsterdam Data\n",
    "print(amst_numerical.cov())"
   ]
  },
  {
   "cell_type": "code",
   "execution_count": 9,
   "metadata": {},
   "outputs": [
    {
     "data": {
      "text/html": [
       "<div>\n",
       "<style scoped>\n",
       "    .dataframe tbody tr th:only-of-type {\n",
       "        vertical-align: middle;\n",
       "    }\n",
       "\n",
       "    .dataframe tbody tr th {\n",
       "        vertical-align: top;\n",
       "    }\n",
       "\n",
       "    .dataframe thead th {\n",
       "        text-align: right;\n",
       "    }\n",
       "</style>\n",
       "<table border=\"1\" class=\"dataframe\">\n",
       "  <thead>\n",
       "    <tr style=\"text-align: right;\">\n",
       "      <th></th>\n",
       "      <th>host_is_superhost</th>\n",
       "      <th>host_response_rate</th>\n",
       "      <th>host_acceptance_rate</th>\n",
       "      <th>price</th>\n",
       "      <th>beds</th>\n",
       "      <th>amenities</th>\n",
       "      <th>number_of_reviews</th>\n",
       "      <th>review_scores_rating</th>\n",
       "    </tr>\n",
       "  </thead>\n",
       "  <tbody>\n",
       "    <tr>\n",
       "      <th>host_is_superhost</th>\n",
       "      <td>0.217281</td>\n",
       "      <td>0.071732</td>\n",
       "      <td>0.043270</td>\n",
       "      <td>-0.015802</td>\n",
       "      <td>-0.000372</td>\n",
       "      <td>0.143417</td>\n",
       "      <td>0.136703</td>\n",
       "      <td>0.641231</td>\n",
       "    </tr>\n",
       "    <tr>\n",
       "      <th>host_response_rate</th>\n",
       "      <td>0.071732</td>\n",
       "      <td>1.000033</td>\n",
       "      <td>0.215446</td>\n",
       "      <td>-0.068321</td>\n",
       "      <td>-0.005617</td>\n",
       "      <td>0.089594</td>\n",
       "      <td>0.072051</td>\n",
       "      <td>0.411291</td>\n",
       "    </tr>\n",
       "    <tr>\n",
       "      <th>host_acceptance_rate</th>\n",
       "      <td>0.043270</td>\n",
       "      <td>0.215446</td>\n",
       "      <td>1.000033</td>\n",
       "      <td>-0.129052</td>\n",
       "      <td>-0.037824</td>\n",
       "      <td>0.001348</td>\n",
       "      <td>0.107773</td>\n",
       "      <td>-0.208530</td>\n",
       "    </tr>\n",
       "    <tr>\n",
       "      <th>price</th>\n",
       "      <td>-0.015802</td>\n",
       "      <td>-0.068321</td>\n",
       "      <td>-0.129052</td>\n",
       "      <td>1.000033</td>\n",
       "      <td>0.313783</td>\n",
       "      <td>0.070420</td>\n",
       "      <td>-0.065156</td>\n",
       "      <td>0.426368</td>\n",
       "    </tr>\n",
       "    <tr>\n",
       "      <th>beds</th>\n",
       "      <td>-0.000372</td>\n",
       "      <td>-0.005617</td>\n",
       "      <td>-0.037824</td>\n",
       "      <td>0.313783</td>\n",
       "      <td>1.000033</td>\n",
       "      <td>0.238864</td>\n",
       "      <td>-0.020487</td>\n",
       "      <td>-0.147456</td>\n",
       "    </tr>\n",
       "    <tr>\n",
       "      <th>amenities</th>\n",
       "      <td>0.143417</td>\n",
       "      <td>0.089594</td>\n",
       "      <td>0.001348</td>\n",
       "      <td>0.070420</td>\n",
       "      <td>0.238864</td>\n",
       "      <td>1.000033</td>\n",
       "      <td>0.181740</td>\n",
       "      <td>0.416866</td>\n",
       "    </tr>\n",
       "    <tr>\n",
       "      <th>number_of_reviews</th>\n",
       "      <td>0.136703</td>\n",
       "      <td>0.072051</td>\n",
       "      <td>0.107773</td>\n",
       "      <td>-0.065156</td>\n",
       "      <td>-0.020487</td>\n",
       "      <td>0.181740</td>\n",
       "      <td>1.000033</td>\n",
       "      <td>0.046656</td>\n",
       "    </tr>\n",
       "    <tr>\n",
       "      <th>review_scores_rating</th>\n",
       "      <td>0.641231</td>\n",
       "      <td>0.411291</td>\n",
       "      <td>-0.208530</td>\n",
       "      <td>0.426368</td>\n",
       "      <td>-0.147456</td>\n",
       "      <td>0.416866</td>\n",
       "      <td>0.046656</td>\n",
       "      <td>70.755045</td>\n",
       "    </tr>\n",
       "  </tbody>\n",
       "</table>\n",
       "</div>"
      ],
      "text/plain": [
       "                      host_is_superhost  host_response_rate  \\\n",
       "host_is_superhost              0.217281            0.071732   \n",
       "host_response_rate             0.071732            1.000033   \n",
       "host_acceptance_rate           0.043270            0.215446   \n",
       "price                         -0.015802           -0.068321   \n",
       "beds                          -0.000372           -0.005617   \n",
       "amenities                      0.143417            0.089594   \n",
       "number_of_reviews              0.136703            0.072051   \n",
       "review_scores_rating           0.641231            0.411291   \n",
       "\n",
       "                      host_acceptance_rate     price      beds  amenities  \\\n",
       "host_is_superhost                 0.043270 -0.015802 -0.000372   0.143417   \n",
       "host_response_rate                0.215446 -0.068321 -0.005617   0.089594   \n",
       "host_acceptance_rate              1.000033 -0.129052 -0.037824   0.001348   \n",
       "price                            -0.129052  1.000033  0.313783   0.070420   \n",
       "beds                             -0.037824  0.313783  1.000033   0.238864   \n",
       "amenities                         0.001348  0.070420  0.238864   1.000033   \n",
       "number_of_reviews                 0.107773 -0.065156 -0.020487   0.181740   \n",
       "review_scores_rating             -0.208530  0.426368 -0.147456   0.416866   \n",
       "\n",
       "                      number_of_reviews  review_scores_rating  \n",
       "host_is_superhost              0.136703              0.641231  \n",
       "host_response_rate             0.072051              0.411291  \n",
       "host_acceptance_rate           0.107773             -0.208530  \n",
       "price                         -0.065156              0.426368  \n",
       "beds                          -0.020487             -0.147456  \n",
       "amenities                      0.181740              0.416866  \n",
       "number_of_reviews              1.000033              0.046656  \n",
       "review_scores_rating           0.046656             70.755045  "
      ]
     },
     "execution_count": 9,
     "metadata": {},
     "output_type": "execute_result"
    }
   ],
   "source": [
    "#Covariance Matrix of Los Angeles Data\n",
    "la_numerical.cov()"
   ]
  },
  {
   "cell_type": "code",
   "execution_count": 10,
   "metadata": {},
   "outputs": [
    {
     "data": {
      "text/html": [
       "<div>\n",
       "<style scoped>\n",
       "    .dataframe tbody tr th:only-of-type {\n",
       "        vertical-align: middle;\n",
       "    }\n",
       "\n",
       "    .dataframe tbody tr th {\n",
       "        vertical-align: top;\n",
       "    }\n",
       "\n",
       "    .dataframe thead th {\n",
       "        text-align: right;\n",
       "    }\n",
       "</style>\n",
       "<table border=\"1\" class=\"dataframe\">\n",
       "  <thead>\n",
       "    <tr style=\"text-align: right;\">\n",
       "      <th></th>\n",
       "      <th>host_is_superhost</th>\n",
       "      <th>host_response_rate</th>\n",
       "      <th>host_acceptance_rate</th>\n",
       "      <th>price</th>\n",
       "      <th>beds</th>\n",
       "      <th>amenities</th>\n",
       "      <th>number_of_reviews</th>\n",
       "      <th>review_scores_rating</th>\n",
       "    </tr>\n",
       "  </thead>\n",
       "  <tbody>\n",
       "    <tr>\n",
       "      <th>host_is_superhost</th>\n",
       "      <td>0.177846</td>\n",
       "      <td>0.035700</td>\n",
       "      <td>0.032801</td>\n",
       "      <td>-0.002695</td>\n",
       "      <td>0.006450</td>\n",
       "      <td>0.137308</td>\n",
       "      <td>0.152569</td>\n",
       "      <td>0.546851</td>\n",
       "    </tr>\n",
       "    <tr>\n",
       "      <th>host_response_rate</th>\n",
       "      <td>0.035700</td>\n",
       "      <td>1.000050</td>\n",
       "      <td>0.099215</td>\n",
       "      <td>-0.003759</td>\n",
       "      <td>-0.018790</td>\n",
       "      <td>0.029513</td>\n",
       "      <td>0.022155</td>\n",
       "      <td>0.675278</td>\n",
       "    </tr>\n",
       "    <tr>\n",
       "      <th>host_acceptance_rate</th>\n",
       "      <td>0.032801</td>\n",
       "      <td>0.099215</td>\n",
       "      <td>1.000050</td>\n",
       "      <td>-0.028536</td>\n",
       "      <td>0.010482</td>\n",
       "      <td>0.060110</td>\n",
       "      <td>0.099527</td>\n",
       "      <td>-0.110314</td>\n",
       "    </tr>\n",
       "    <tr>\n",
       "      <th>price</th>\n",
       "      <td>-0.002695</td>\n",
       "      <td>-0.003759</td>\n",
       "      <td>-0.028536</td>\n",
       "      <td>1.000050</td>\n",
       "      <td>0.206131</td>\n",
       "      <td>0.047151</td>\n",
       "      <td>-0.024295</td>\n",
       "      <td>0.338210</td>\n",
       "    </tr>\n",
       "    <tr>\n",
       "      <th>beds</th>\n",
       "      <td>0.006450</td>\n",
       "      <td>-0.018790</td>\n",
       "      <td>0.010482</td>\n",
       "      <td>0.206131</td>\n",
       "      <td>1.000050</td>\n",
       "      <td>0.244294</td>\n",
       "      <td>0.031967</td>\n",
       "      <td>-0.177316</td>\n",
       "    </tr>\n",
       "    <tr>\n",
       "      <th>amenities</th>\n",
       "      <td>0.137308</td>\n",
       "      <td>0.029513</td>\n",
       "      <td>0.060110</td>\n",
       "      <td>0.047151</td>\n",
       "      <td>0.244294</td>\n",
       "      <td>1.000050</td>\n",
       "      <td>0.300411</td>\n",
       "      <td>0.148749</td>\n",
       "    </tr>\n",
       "    <tr>\n",
       "      <th>number_of_reviews</th>\n",
       "      <td>0.152569</td>\n",
       "      <td>0.022155</td>\n",
       "      <td>0.099527</td>\n",
       "      <td>-0.024295</td>\n",
       "      <td>0.031967</td>\n",
       "      <td>0.300411</td>\n",
       "      <td>1.000050</td>\n",
       "      <td>0.136059</td>\n",
       "    </tr>\n",
       "    <tr>\n",
       "      <th>review_scores_rating</th>\n",
       "      <td>0.546851</td>\n",
       "      <td>0.675278</td>\n",
       "      <td>-0.110314</td>\n",
       "      <td>0.338210</td>\n",
       "      <td>-0.177316</td>\n",
       "      <td>0.148749</td>\n",
       "      <td>0.136059</td>\n",
       "      <td>76.473389</td>\n",
       "    </tr>\n",
       "  </tbody>\n",
       "</table>\n",
       "</div>"
      ],
      "text/plain": [
       "                      host_is_superhost  host_response_rate  \\\n",
       "host_is_superhost              0.177846            0.035700   \n",
       "host_response_rate             0.035700            1.000050   \n",
       "host_acceptance_rate           0.032801            0.099215   \n",
       "price                         -0.002695           -0.003759   \n",
       "beds                           0.006450           -0.018790   \n",
       "amenities                      0.137308            0.029513   \n",
       "number_of_reviews              0.152569            0.022155   \n",
       "review_scores_rating           0.546851            0.675278   \n",
       "\n",
       "                      host_acceptance_rate     price      beds  amenities  \\\n",
       "host_is_superhost                 0.032801 -0.002695  0.006450   0.137308   \n",
       "host_response_rate                0.099215 -0.003759 -0.018790   0.029513   \n",
       "host_acceptance_rate              1.000050 -0.028536  0.010482   0.060110   \n",
       "price                            -0.028536  1.000050  0.206131   0.047151   \n",
       "beds                              0.010482  0.206131  1.000050   0.244294   \n",
       "amenities                         0.060110  0.047151  0.244294   1.000050   \n",
       "number_of_reviews                 0.099527 -0.024295  0.031967   0.300411   \n",
       "review_scores_rating             -0.110314  0.338210 -0.177316   0.148749   \n",
       "\n",
       "                      number_of_reviews  review_scores_rating  \n",
       "host_is_superhost              0.152569              0.546851  \n",
       "host_response_rate             0.022155              0.675278  \n",
       "host_acceptance_rate           0.099527             -0.110314  \n",
       "price                         -0.024295              0.338210  \n",
       "beds                           0.031967             -0.177316  \n",
       "amenities                      0.300411              0.148749  \n",
       "number_of_reviews              1.000050              0.136059  \n",
       "review_scores_rating           0.136059             76.473389  "
      ]
     },
     "execution_count": 10,
     "metadata": {},
     "output_type": "execute_result"
    }
   ],
   "source": [
    "#Covariance Matrix of Melbourne Data\n",
    "mel_numerical.cov()"
   ]
  },
  {
   "cell_type": "code",
   "execution_count": 11,
   "metadata": {},
   "outputs": [
    {
     "data": {
      "text/html": [
       "<div>\n",
       "<style scoped>\n",
       "    .dataframe tbody tr th:only-of-type {\n",
       "        vertical-align: middle;\n",
       "    }\n",
       "\n",
       "    .dataframe tbody tr th {\n",
       "        vertical-align: top;\n",
       "    }\n",
       "\n",
       "    .dataframe thead th {\n",
       "        text-align: right;\n",
       "    }\n",
       "</style>\n",
       "<table border=\"1\" class=\"dataframe\">\n",
       "  <thead>\n",
       "    <tr style=\"text-align: right;\">\n",
       "      <th></th>\n",
       "      <th>host_is_superhost</th>\n",
       "      <th>host_response_rate</th>\n",
       "      <th>host_acceptance_rate</th>\n",
       "      <th>price</th>\n",
       "      <th>beds</th>\n",
       "      <th>amenities</th>\n",
       "      <th>number_of_reviews</th>\n",
       "      <th>review_scores_rating</th>\n",
       "    </tr>\n",
       "  </thead>\n",
       "  <tbody>\n",
       "    <tr>\n",
       "      <th>host_is_superhost</th>\n",
       "      <td>1.000000</td>\n",
       "      <td>0.022989</td>\n",
       "      <td>0.054695</td>\n",
       "      <td>0.043378</td>\n",
       "      <td>-0.004926</td>\n",
       "      <td>0.240709</td>\n",
       "      <td>0.376445</td>\n",
       "      <td>0.099488</td>\n",
       "    </tr>\n",
       "    <tr>\n",
       "      <th>host_response_rate</th>\n",
       "      <td>0.022989</td>\n",
       "      <td>1.000000</td>\n",
       "      <td>0.192764</td>\n",
       "      <td>-0.006605</td>\n",
       "      <td>-0.026929</td>\n",
       "      <td>0.007919</td>\n",
       "      <td>-0.020915</td>\n",
       "      <td>0.038115</td>\n",
       "    </tr>\n",
       "    <tr>\n",
       "      <th>host_acceptance_rate</th>\n",
       "      <td>0.054695</td>\n",
       "      <td>0.192764</td>\n",
       "      <td>1.000000</td>\n",
       "      <td>-0.000779</td>\n",
       "      <td>-0.035554</td>\n",
       "      <td>-0.081907</td>\n",
       "      <td>0.045943</td>\n",
       "      <td>-0.055496</td>\n",
       "    </tr>\n",
       "    <tr>\n",
       "      <th>price</th>\n",
       "      <td>0.043378</td>\n",
       "      <td>-0.006605</td>\n",
       "      <td>-0.000779</td>\n",
       "      <td>1.000000</td>\n",
       "      <td>0.083829</td>\n",
       "      <td>0.026724</td>\n",
       "      <td>-0.027666</td>\n",
       "      <td>0.009870</td>\n",
       "    </tr>\n",
       "    <tr>\n",
       "      <th>beds</th>\n",
       "      <td>-0.004926</td>\n",
       "      <td>-0.026929</td>\n",
       "      <td>-0.035554</td>\n",
       "      <td>0.083829</td>\n",
       "      <td>1.000000</td>\n",
       "      <td>0.149197</td>\n",
       "      <td>-0.027629</td>\n",
       "      <td>-0.013293</td>\n",
       "    </tr>\n",
       "    <tr>\n",
       "      <th>amenities</th>\n",
       "      <td>0.240709</td>\n",
       "      <td>0.007919</td>\n",
       "      <td>-0.081907</td>\n",
       "      <td>0.026724</td>\n",
       "      <td>0.149197</td>\n",
       "      <td>1.000000</td>\n",
       "      <td>0.168595</td>\n",
       "      <td>0.115167</td>\n",
       "    </tr>\n",
       "    <tr>\n",
       "      <th>number_of_reviews</th>\n",
       "      <td>0.376445</td>\n",
       "      <td>-0.020915</td>\n",
       "      <td>0.045943</td>\n",
       "      <td>-0.027666</td>\n",
       "      <td>-0.027629</td>\n",
       "      <td>0.168595</td>\n",
       "      <td>1.000000</td>\n",
       "      <td>-0.031959</td>\n",
       "    </tr>\n",
       "    <tr>\n",
       "      <th>review_scores_rating</th>\n",
       "      <td>0.099488</td>\n",
       "      <td>0.038115</td>\n",
       "      <td>-0.055496</td>\n",
       "      <td>0.009870</td>\n",
       "      <td>-0.013293</td>\n",
       "      <td>0.115167</td>\n",
       "      <td>-0.031959</td>\n",
       "      <td>1.000000</td>\n",
       "    </tr>\n",
       "  </tbody>\n",
       "</table>\n",
       "</div>"
      ],
      "text/plain": [
       "                      host_is_superhost  host_response_rate  \\\n",
       "host_is_superhost              1.000000            0.022989   \n",
       "host_response_rate             0.022989            1.000000   \n",
       "host_acceptance_rate           0.054695            0.192764   \n",
       "price                          0.043378           -0.006605   \n",
       "beds                          -0.004926           -0.026929   \n",
       "amenities                      0.240709            0.007919   \n",
       "number_of_reviews              0.376445           -0.020915   \n",
       "review_scores_rating           0.099488            0.038115   \n",
       "\n",
       "                      host_acceptance_rate     price      beds  amenities  \\\n",
       "host_is_superhost                 0.054695  0.043378 -0.004926   0.240709   \n",
       "host_response_rate                0.192764 -0.006605 -0.026929   0.007919   \n",
       "host_acceptance_rate              1.000000 -0.000779 -0.035554  -0.081907   \n",
       "price                            -0.000779  1.000000  0.083829   0.026724   \n",
       "beds                             -0.035554  0.083829  1.000000   0.149197   \n",
       "amenities                        -0.081907  0.026724  0.149197   1.000000   \n",
       "number_of_reviews                 0.045943 -0.027666 -0.027629   0.168595   \n",
       "review_scores_rating             -0.055496  0.009870 -0.013293   0.115167   \n",
       "\n",
       "                      number_of_reviews  review_scores_rating  \n",
       "host_is_superhost              0.376445              0.099488  \n",
       "host_response_rate            -0.020915              0.038115  \n",
       "host_acceptance_rate           0.045943             -0.055496  \n",
       "price                         -0.027666              0.009870  \n",
       "beds                          -0.027629             -0.013293  \n",
       "amenities                      0.168595              0.115167  \n",
       "number_of_reviews              1.000000             -0.031959  \n",
       "review_scores_rating          -0.031959              1.000000  "
      ]
     },
     "execution_count": 11,
     "metadata": {},
     "output_type": "execute_result"
    }
   ],
   "source": [
    "#Correlation Matrix of Amsterdam Data\n",
    "amst_numerical.corr()"
   ]
  },
  {
   "cell_type": "code",
   "execution_count": 12,
   "metadata": {},
   "outputs": [
    {
     "data": {
      "text/html": [
       "<div>\n",
       "<style scoped>\n",
       "    .dataframe tbody tr th:only-of-type {\n",
       "        vertical-align: middle;\n",
       "    }\n",
       "\n",
       "    .dataframe tbody tr th {\n",
       "        vertical-align: top;\n",
       "    }\n",
       "\n",
       "    .dataframe thead th {\n",
       "        text-align: right;\n",
       "    }\n",
       "</style>\n",
       "<table border=\"1\" class=\"dataframe\">\n",
       "  <thead>\n",
       "    <tr style=\"text-align: right;\">\n",
       "      <th></th>\n",
       "      <th>host_is_superhost</th>\n",
       "      <th>host_response_rate</th>\n",
       "      <th>host_acceptance_rate</th>\n",
       "      <th>price</th>\n",
       "      <th>beds</th>\n",
       "      <th>amenities</th>\n",
       "      <th>number_of_reviews</th>\n",
       "      <th>review_scores_rating</th>\n",
       "    </tr>\n",
       "  </thead>\n",
       "  <tbody>\n",
       "    <tr>\n",
       "      <th>host_is_superhost</th>\n",
       "      <td>1.000000</td>\n",
       "      <td>0.153885</td>\n",
       "      <td>0.092827</td>\n",
       "      <td>-0.033899</td>\n",
       "      <td>-0.000799</td>\n",
       "      <td>0.307667</td>\n",
       "      <td>0.293264</td>\n",
       "      <td>0.163540</td>\n",
       "    </tr>\n",
       "    <tr>\n",
       "      <th>host_response_rate</th>\n",
       "      <td>0.153885</td>\n",
       "      <td>1.000000</td>\n",
       "      <td>0.215439</td>\n",
       "      <td>-0.068319</td>\n",
       "      <td>-0.005617</td>\n",
       "      <td>0.089591</td>\n",
       "      <td>0.072049</td>\n",
       "      <td>0.048895</td>\n",
       "    </tr>\n",
       "    <tr>\n",
       "      <th>host_acceptance_rate</th>\n",
       "      <td>0.092827</td>\n",
       "      <td>0.215439</td>\n",
       "      <td>1.000000</td>\n",
       "      <td>-0.129048</td>\n",
       "      <td>-0.037823</td>\n",
       "      <td>0.001348</td>\n",
       "      <td>0.107770</td>\n",
       "      <td>-0.024790</td>\n",
       "    </tr>\n",
       "    <tr>\n",
       "      <th>price</th>\n",
       "      <td>-0.033899</td>\n",
       "      <td>-0.068319</td>\n",
       "      <td>-0.129048</td>\n",
       "      <td>1.000000</td>\n",
       "      <td>0.313773</td>\n",
       "      <td>0.070417</td>\n",
       "      <td>-0.065154</td>\n",
       "      <td>0.050687</td>\n",
       "    </tr>\n",
       "    <tr>\n",
       "      <th>beds</th>\n",
       "      <td>-0.000799</td>\n",
       "      <td>-0.005617</td>\n",
       "      <td>-0.037823</td>\n",
       "      <td>0.313773</td>\n",
       "      <td>1.000000</td>\n",
       "      <td>0.238856</td>\n",
       "      <td>-0.020486</td>\n",
       "      <td>-0.017530</td>\n",
       "    </tr>\n",
       "    <tr>\n",
       "      <th>amenities</th>\n",
       "      <td>0.307667</td>\n",
       "      <td>0.089591</td>\n",
       "      <td>0.001348</td>\n",
       "      <td>0.070417</td>\n",
       "      <td>0.238856</td>\n",
       "      <td>1.000000</td>\n",
       "      <td>0.181734</td>\n",
       "      <td>0.049558</td>\n",
       "    </tr>\n",
       "    <tr>\n",
       "      <th>number_of_reviews</th>\n",
       "      <td>0.293264</td>\n",
       "      <td>0.072049</td>\n",
       "      <td>0.107770</td>\n",
       "      <td>-0.065154</td>\n",
       "      <td>-0.020486</td>\n",
       "      <td>0.181734</td>\n",
       "      <td>1.000000</td>\n",
       "      <td>0.005547</td>\n",
       "    </tr>\n",
       "    <tr>\n",
       "      <th>review_scores_rating</th>\n",
       "      <td>0.163540</td>\n",
       "      <td>0.048895</td>\n",
       "      <td>-0.024790</td>\n",
       "      <td>0.050687</td>\n",
       "      <td>-0.017530</td>\n",
       "      <td>0.049558</td>\n",
       "      <td>0.005547</td>\n",
       "      <td>1.000000</td>\n",
       "    </tr>\n",
       "  </tbody>\n",
       "</table>\n",
       "</div>"
      ],
      "text/plain": [
       "                      host_is_superhost  host_response_rate  \\\n",
       "host_is_superhost              1.000000            0.153885   \n",
       "host_response_rate             0.153885            1.000000   \n",
       "host_acceptance_rate           0.092827            0.215439   \n",
       "price                         -0.033899           -0.068319   \n",
       "beds                          -0.000799           -0.005617   \n",
       "amenities                      0.307667            0.089591   \n",
       "number_of_reviews              0.293264            0.072049   \n",
       "review_scores_rating           0.163540            0.048895   \n",
       "\n",
       "                      host_acceptance_rate     price      beds  amenities  \\\n",
       "host_is_superhost                 0.092827 -0.033899 -0.000799   0.307667   \n",
       "host_response_rate                0.215439 -0.068319 -0.005617   0.089591   \n",
       "host_acceptance_rate              1.000000 -0.129048 -0.037823   0.001348   \n",
       "price                            -0.129048  1.000000  0.313773   0.070417   \n",
       "beds                             -0.037823  0.313773  1.000000   0.238856   \n",
       "amenities                         0.001348  0.070417  0.238856   1.000000   \n",
       "number_of_reviews                 0.107770 -0.065154 -0.020486   0.181734   \n",
       "review_scores_rating             -0.024790  0.050687 -0.017530   0.049558   \n",
       "\n",
       "                      number_of_reviews  review_scores_rating  \n",
       "host_is_superhost              0.293264              0.163540  \n",
       "host_response_rate             0.072049              0.048895  \n",
       "host_acceptance_rate           0.107770             -0.024790  \n",
       "price                         -0.065154              0.050687  \n",
       "beds                          -0.020486             -0.017530  \n",
       "amenities                      0.181734              0.049558  \n",
       "number_of_reviews              1.000000              0.005547  \n",
       "review_scores_rating           0.005547              1.000000  "
      ]
     },
     "execution_count": 12,
     "metadata": {},
     "output_type": "execute_result"
    }
   ],
   "source": [
    "#Correlation Matrix of Los Angeles Data\n",
    "la_numerical.corr()"
   ]
  },
  {
   "cell_type": "code",
   "execution_count": 13,
   "metadata": {},
   "outputs": [
    {
     "data": {
      "text/html": [
       "<div>\n",
       "<style scoped>\n",
       "    .dataframe tbody tr th:only-of-type {\n",
       "        vertical-align: middle;\n",
       "    }\n",
       "\n",
       "    .dataframe tbody tr th {\n",
       "        vertical-align: top;\n",
       "    }\n",
       "\n",
       "    .dataframe thead th {\n",
       "        text-align: right;\n",
       "    }\n",
       "</style>\n",
       "<table border=\"1\" class=\"dataframe\">\n",
       "  <thead>\n",
       "    <tr style=\"text-align: right;\">\n",
       "      <th></th>\n",
       "      <th>host_is_superhost</th>\n",
       "      <th>host_response_rate</th>\n",
       "      <th>host_acceptance_rate</th>\n",
       "      <th>price</th>\n",
       "      <th>beds</th>\n",
       "      <th>amenities</th>\n",
       "      <th>number_of_reviews</th>\n",
       "      <th>review_scores_rating</th>\n",
       "    </tr>\n",
       "  </thead>\n",
       "  <tbody>\n",
       "    <tr>\n",
       "      <th>host_is_superhost</th>\n",
       "      <td>1.000000</td>\n",
       "      <td>0.084651</td>\n",
       "      <td>0.077777</td>\n",
       "      <td>-0.006390</td>\n",
       "      <td>0.015294</td>\n",
       "      <td>0.325584</td>\n",
       "      <td>0.361769</td>\n",
       "      <td>0.148283</td>\n",
       "    </tr>\n",
       "    <tr>\n",
       "      <th>host_response_rate</th>\n",
       "      <td>0.084651</td>\n",
       "      <td>1.000000</td>\n",
       "      <td>0.099210</td>\n",
       "      <td>-0.003759</td>\n",
       "      <td>-0.018789</td>\n",
       "      <td>0.029511</td>\n",
       "      <td>0.022154</td>\n",
       "      <td>0.077218</td>\n",
       "    </tr>\n",
       "    <tr>\n",
       "      <th>host_acceptance_rate</th>\n",
       "      <td>0.077777</td>\n",
       "      <td>0.099210</td>\n",
       "      <td>1.000000</td>\n",
       "      <td>-0.028534</td>\n",
       "      <td>0.010482</td>\n",
       "      <td>0.060107</td>\n",
       "      <td>0.099522</td>\n",
       "      <td>-0.012614</td>\n",
       "    </tr>\n",
       "    <tr>\n",
       "      <th>price</th>\n",
       "      <td>-0.006390</td>\n",
       "      <td>-0.003759</td>\n",
       "      <td>-0.028534</td>\n",
       "      <td>1.000000</td>\n",
       "      <td>0.206120</td>\n",
       "      <td>0.047148</td>\n",
       "      <td>-0.024293</td>\n",
       "      <td>0.038674</td>\n",
       "    </tr>\n",
       "    <tr>\n",
       "      <th>beds</th>\n",
       "      <td>0.015294</td>\n",
       "      <td>-0.018789</td>\n",
       "      <td>0.010482</td>\n",
       "      <td>0.206120</td>\n",
       "      <td>1.000000</td>\n",
       "      <td>0.244282</td>\n",
       "      <td>0.031965</td>\n",
       "      <td>-0.020276</td>\n",
       "    </tr>\n",
       "    <tr>\n",
       "      <th>amenities</th>\n",
       "      <td>0.325584</td>\n",
       "      <td>0.029511</td>\n",
       "      <td>0.060107</td>\n",
       "      <td>0.047148</td>\n",
       "      <td>0.244282</td>\n",
       "      <td>1.000000</td>\n",
       "      <td>0.300396</td>\n",
       "      <td>0.017009</td>\n",
       "    </tr>\n",
       "    <tr>\n",
       "      <th>number_of_reviews</th>\n",
       "      <td>0.361769</td>\n",
       "      <td>0.022154</td>\n",
       "      <td>0.099522</td>\n",
       "      <td>-0.024293</td>\n",
       "      <td>0.031965</td>\n",
       "      <td>0.300396</td>\n",
       "      <td>1.000000</td>\n",
       "      <td>0.015558</td>\n",
       "    </tr>\n",
       "    <tr>\n",
       "      <th>review_scores_rating</th>\n",
       "      <td>0.148283</td>\n",
       "      <td>0.077218</td>\n",
       "      <td>-0.012614</td>\n",
       "      <td>0.038674</td>\n",
       "      <td>-0.020276</td>\n",
       "      <td>0.017009</td>\n",
       "      <td>0.015558</td>\n",
       "      <td>1.000000</td>\n",
       "    </tr>\n",
       "  </tbody>\n",
       "</table>\n",
       "</div>"
      ],
      "text/plain": [
       "                      host_is_superhost  host_response_rate  \\\n",
       "host_is_superhost              1.000000            0.084651   \n",
       "host_response_rate             0.084651            1.000000   \n",
       "host_acceptance_rate           0.077777            0.099210   \n",
       "price                         -0.006390           -0.003759   \n",
       "beds                           0.015294           -0.018789   \n",
       "amenities                      0.325584            0.029511   \n",
       "number_of_reviews              0.361769            0.022154   \n",
       "review_scores_rating           0.148283            0.077218   \n",
       "\n",
       "                      host_acceptance_rate     price      beds  amenities  \\\n",
       "host_is_superhost                 0.077777 -0.006390  0.015294   0.325584   \n",
       "host_response_rate                0.099210 -0.003759 -0.018789   0.029511   \n",
       "host_acceptance_rate              1.000000 -0.028534  0.010482   0.060107   \n",
       "price                            -0.028534  1.000000  0.206120   0.047148   \n",
       "beds                              0.010482  0.206120  1.000000   0.244282   \n",
       "amenities                         0.060107  0.047148  0.244282   1.000000   \n",
       "number_of_reviews                 0.099522 -0.024293  0.031965   0.300396   \n",
       "review_scores_rating             -0.012614  0.038674 -0.020276   0.017009   \n",
       "\n",
       "                      number_of_reviews  review_scores_rating  \n",
       "host_is_superhost              0.361769              0.148283  \n",
       "host_response_rate             0.022154              0.077218  \n",
       "host_acceptance_rate           0.099522             -0.012614  \n",
